34,788
34,787
34,786
34,615
34,614
34,785
34,784
34,783
34,782
34,613
34,781
34,780
34,779
34,778
34,777
34,612
34,776
34,775
34,774
34,773
34,611
34,772
34,771
34,770
34,769
34,610
34,768
34,767
34,766
34,765
34,609
34,764
34,763
34,762
34,761
34,760
34,608
0,497
34,759
34,758
34,757
34,756
34,607
34,755
34,754
34,753
34,752
34,606
34,751
34,750
34,749
34,748
34,605
34,747
34,746
34,745
34,744
34,743
34,604
0,496
0,495
34,742
34,741
34,740
34,739
34,603
34,738
34,737
34,736
34,735
34,602
34,734
34,733
34,732
34,731
34,601
34,730
34,729
34,728
34,727
34,600
34,726
34,725
34,724
34,723
34,599
34,722
34,721
34,720
34,719
34,718
34,598
34,717
34,716
34,715
34,714
34,597
34,713
34,712
34,711
34,710
34,596
34,709
34,708
0,494
34,707
34,706
34,595
34,705
34,704
34,703
34,702
34,701
34,594
34,700
34,699
34,698
34,697
34,593
34,696
34,695
34,694
34,693
34,592
34,692
34,691
34,690
34,689
34,591
34,688
34,687
34,686
34,685
34,590
34,684
34,683
34,682
34,681
34,589
34,680
34,679
34,678
34,677
34,588
34,676
34,675
34,674
34,673
34,587
34,672
34,671
34,670
34,669
34,668
34,586
34,667
34,666
34,665
34,664
34,585
34,663
34,662
34,661
34,660
34,584
0,493
34,659
34,658
34,657
34,656
34,583
34,655
34,654
34,653
34,652
34,582
34,651
34,650
34,649
34,648
34,581
34,647
34,646
34,645
34,644
34,643
34,580
34,642
34,641
34,640
34,575
34,579
34,574
34,573
34,572
34,571
34,578
34,570
34,569
34,568
34,567
34,577
34,566
34,565
34,564
34,563
34,576
34,562
34,561
34,560
34,559
34,558
34,319
34,557
34,556
34,555
34,554
34,318
34,553
34,552
34,551
34,550
34,317
34,549
34,548
34,547
34,546
34,316
34,545
34,544
34,543
34,542
34,315
34,541
34,540
34,539
34,538
34,314
34,537
34,536
34,535
34,534
34,313
34,533
34,532
34,531
34,530
34,529
34,312
34,528
34,527
34,526
34,525
34,311
34,524
34,523
34,522
34,521
34,310
34,520
34,519
34,518
34,517
34,309
34,516
34,515
34,514
34,513
34,308
34,512
34,511
34,510
34,509
34,307
34,508
34,507
34,506
34,505
34,306
34,504
34,503
34,502
34,501
34,305
34,500
34,499
34,498
34,497
34,496
34,304
34,495
34,494
34,493
34,492
34,303
